"A","F","M"
52,42,6
52,44,4
47,48,5
45,49,6
40,50,10
37,54,9
27,58,15
27,54,19
23,59,18
22,59,19
21,60,19
25,53,22
24,54,22
22,55,23
22,56,22
20,58,22
16,62,22
17,57,26
14,54,32
13,55,32
13,52,35
14,47,39
24,56,20
